x/c  yc/c   dyc/dxc yc/c   dyc/dxc yc/c   dyc/dxc
0    0      0.30000 0     0.24000  0      0.20000
1.25 0.369  0.29062 0.296 0.23400  0.247  0.19583
2.5  0.726  0.28125 0.585 0.22800  0.490  0.19167
5.0  1.406  0.26250 1.140 0.21600  0.958  0.18333
7.5  2.039  0.24375 1.665 0.20400  1.406  0.17500
10   2.625  0.22500 2.160 0.19200  1.833  0.16667
15   3.656  0.18750 3.060 0.16800  2.625  0.15000
20   4.500  0.15000 3.840 0.14400  3.333  0.13333
25   5.156  0.11250 4.500 0.12000  3.958  0.11667
30   5.625  0.07500 5.040 0.09600  4.500  0.10000
40   6.000  0       5.760 0.04800  5.333  0.06667
50   5.833 -0.03333 6.000 0        5.833  0.03333
60   5.333 -0.06667 5.760 -0.04800 6.000  0
70   4.500 -0.10000 5.040 -0.09600 5.625 -0.07500
80   3.333 -0.13333 3.840 -0.14400 4.500 -0.15000
90   1.833 -0.16667 2.160 -0.19200 2.625 -0.22500
95   0.958 -0.18333 1.140 -0.21600 1.406 -0.26250
100  0     -0.20000 0     -0.24000 0     -0.30000