0     0                 0                0
0.5   0.287   0.48535   0.281   0.47539  0.250    0.42120
0.75  0.404   0.44925   0.396   0.44004  0.350    0.38875
1.25  0.616   0.40359   0.603   0.39531  0.535    0.34770
2.5   1.077   0.34104   1.055   0.33404  0.930    0.29155
5.0   1.841   0.27718   1.803   0.27149  1.580    0.23430
7.5   2.483   0.23868   2.432   0.23378  2.120    0.19995
10    3.043   0.21050   2.981   0.20618  2.585    0.17485
15    3.985   0.16892   3.903   0.16546  3.365    0.13805
20    4.748   0.13734   4.651   0.13452  3.980    0.11030
25    5.367   0.11101   5.257   0.10873  4.475    0.08745
30    5.863   0.08775   5.742   0.08595  4.860    0.06745
35    6.248   0.06634   6.120   0.06498  5.150    0.04925
40    6.528   0.04601   6.394   0.04507  5.355    0.03225
45    6.709   0.02613   6.571   0.02559  5.475    0.01595
50    6.790   0.00620   6.651   0.00607  5.515    0 
55    6.770  -0.01433   6.631  -0.01404  5.475   -0.01595
60    6.644  -0.03611   6.508  -0.03537  5.355   -0.03225
65    6.405  -0.06010   6.274  -0.05887  5.150   -0.04925
70    6.037  -0.08790   5.913  -0.08610  4.860   -0.06745
75    5.514  -0.12311   5.401  -0.12058  4.475   -0.08745
80    4.771  -0.18412   4.673  -0.18034  3.980   -0.11030
85    3.683  -0.23921   3.607  -0.23430  3.365   -0.13805
90    2.435  -0.25583   2.452  -0.24521  2.585   -0.17485
95    1.163  -0.24904   1.226  -0.24521  1.580   -0.23430
100   0      -0.20385   0      -0.24521  0       