0       0        0        0        0         0        0       0         0        0    0       0       0        0        0       0       0       0       0       0
0       0        0        0        0         0        0       0         0        0    0       0       0        0        0       0       0       0       0       0
0       0        0        0        0         0        0       0         0        0    0       0       0        0        0       0       0       0       0       0
0       0        0        0        0         0        0       0         0        0    0       0       0        0        0       0       0       0       0       0
0       0        0        0        0         0        0       0         0        0    0       0       0        0        0       0       0       0       0       0
0       0        0        0        0         0        0       0         0        0    0       0       0        0        0       0.0006  0.0022  0.0067  0.0169  0.0382 
0.0522  0.0420   0.0330   0.0190   0.0100    0.0040   0.0012  0         0        0    0       0       0.0008   0.0034   0.0085  0.0211  0.0328  0.0500  0.0778  0.1278 
0.1467  0.1200   0.0972   0.0630   0.0395    0.0214   0.0116  0.0044    0        0    0       0.0033  0.0090   0.0189   0.0357  0.0637  0.0833  0.1088  0.1467  0.2181 
0.2306  0.2040   0.1790   0.1333   0.0943    0.0623   0.0376  0.0202    0.0033   0    0.0027  0.0148  0.0300   0.0503   0.0790  0.1191  0.1445  0.1760  0.2186  0.2923 
0.2598  0.2372   0.2115   0.1651   0.1246    0.0899   0.0579  0.0350    0.0084   0    0.0031  0.0224  0.0417   0.0669   0.1008  0.1465  0.1747  0.2068  0.2513  0.3256 
0.2826  0.2630   0.2400   0.1967   0.1570    0.1207   0.0880  0.0592    0.0172   0    0.0049  0.0304  0.0520   0.0804   0.1180  0.1685  0.2000  0.2353  0.2821  0.3560 
0.3000  0.2824   0.2650   0.2300   0.1950    0.1610   0.1280  0.0955    0.0365   0    0.0096  0.0384  0.0615   0.0920   0.1320  0.1870  0.2230  0.2642  0.3150  0.3860 
