V2                                                                                        (x-x(tmax))/x(tmax)
r_R   -1   -0.95    -0.9     -0.8     -0.7      -0.6       -0.5       -0.4      -0.2      0    0.2        0.4        0.5       0.6       0.7       0.8      0.85     0.9       0.95      1
1.0   0    0.0975   0.19     0.36     0.51      0.64       0.75       0.84      0.96      1    0.9600     0.8400     0.75      0.6400    0.51      0.3600   0.2775   0.1900    0.0975    0
0.9   0    0.0975   0.19     0.36     0.51      0.64       0.75       0.84      0.96      1    0.9600     0.8400     0.75      0.6400    0.51      0.3600   0.2775   0.1900    0.0975    0
0.85  0    0.0975   0.19     0.36     0.51      0.64       0.75       0.84      0.96      1    0.9615     0.8450     0.7550    0.6455    0.5160    0.3660   0.2830   0.1950    0.1000    0
0.8   0    0.0975   0.19     0.36     0.51      0.64       0.75       0.84      0.96      1    0.9635     0.8520     0.7635    0.6545    0.5265    0.3765   0.2925   0.2028    0.1050    0
0.7   0    0.0975   0.19     0.36     0.51      0.64       0.75       0.84      0.96      1    0.9675     0.8660     0.7850    0.6840    0.5615    0.4140   0.3300   0.2337    0.1240    0
0.6   0    0.0965   0.1885   0.3585   0.5110    0.6415     0.7530     0.8426    0.9613    1    0.9690     0.8790     0.8090    0.7200    0.6060    0.4620   0.3775   0.2720    0.1485    0
0.5   0    0.0950   0.1865   0.3569   0.5140    0.6439     0.7580     0.8456    0.9639    1    0.9710     0.8880     0.8275    0.7478    0.6430    0.5039   0.4135   0.3056    0.1750    0
0.4   0    0.0905   0.1810   0.3500   0.5040    0.6353     0.7525     0.8415    0.9645    1    0.9725     0.8933     0.8345    0.7593    0.6590    0.5220   0.4335   0.3235    0.1935    0
0.3   0    0.0800   0.1670   0.3360   0.4885    0.6195     0.7335     0.8265    0.9583    1    0.9750     0.8920     0.8315    0.7520    0.6505    0.5130   0.4265   0.3197    0.1890    0
0.25  0    0.0725   0.1567   0.3228   0.4740    0.6050     0.7184     0.8139    0.9519    1    0.9751     0.8899     0.8259    0.7415    0.6359    0.4982   0.4108   0.3042    0.1758    0
0.2   0    0.0640   0.1455   0.3060   0.4535    0.5842     0.6995     0.7984    0.9446    1    0.9750     0.8875     0.8170    0.7277    0.6190    0.4777   0.3905   0.2840    0.1560    0
0.15  0    0.0540   0.1325   0.2870   0.4280    0.5585     0.6770     0.7805    0.9360    1    0.9760     0.8825     0.8055    0.7105    0.5995    0.4520   0.3665   0.2600    0.1300    0












