B4_100_rR=0.20
# Using npoints = 60
 1.000000000  0.035095451 
 0.973379479  0.033157742 
 0.946777825  0.030845657 
 0.920213894  0.028523406 
 0.893706514  0.026316595 
 0.867274473  0.024217348 
 0.840936504  0.022186249 
 0.814711276  0.020216373 
 0.788617376  0.018323383 
 0.762673300  0.016517410 
 0.736897436  0.014796498 
 0.711308053  0.013156150 
 0.685923288  0.011596236 
 0.660761134  0.010120435 
 0.635839425  0.008733823 
 0.611175825  0.007441736 
 0.586787814  0.006249695 
 0.562692680  0.005163210 
 0.538907499  0.004187038 
 0.515449130  0.003324333 
 0.492334200  0.002575959 
 0.469579092  0.001939991 
 0.447199935  0.001411582 
 0.425212590  0.000984257 
 0.403632641  0.000652338 
 0.382475385  0.000412966 
 0.361755816  0.000267508 
 0.341488621  0.000222379 
 0.321688164  0.000289049 
 0.302368479  0.000481529 
 0.283543260  0.000811992 
 0.265225849  0.001287373 
 0.247429230  0.001907709 
 0.230166017  0.002666863 
 0.213448444  0.003554136 
 0.197288362  0.004555704 
 0.181697224  0.005657533 
 0.166686081  0.006853432 
 0.152265572  0.008150275 
 0.138445919  0.009557393 
 0.125236915  0.011070401 
 0.112647925  0.012672345 
 0.100687870  0.014353878 
 0.089365227  0.016125081 
 0.078688022  0.017998986 
 0.068663823  0.019961790 
 0.059299733  0.021962641 
 0.050602392  0.023942199 
 0.042577962  0.025884958 
 0.035232131  0.027820471 
 0.028570107  0.029786219 
 0.022596610  0.031802386 
 0.017315875  0.033863729 
 0.012731645  0.035942982 
 0.008847169  0.038001492 
 0.005665200  0.040003966 
 0.003187993  0.041935009 
 0.001417304  0.043815838 
 0.000354389  0.045720003 
 0.000000000  0.047787437 
 0.000000000  0.047787437 
 0.000354389  0.049834963 
 0.001417304  0.051688636 
 0.003187993  0.053516318 
 0.005665200  0.055438302 
 0.008847169  0.057539673 
 0.012731645  0.059880320 
 0.017315875  0.062499880 
 0.022596610  0.065415728 
 0.028570107  0.068614171 
 0.035232131  0.072038425 
 0.042577962  0.075581718 
 0.050602392  0.079100018 
 0.059299733  0.082465874 
 0.068663823  0.085659941 
 0.078688022  0.088773340 
 0.089365227  0.091877935 
 0.100687870  0.094951408 
 0.112647925  0.097910997 
 0.125236915  0.100714864 
 0.138445919  0.103413118 
 0.152265572  0.106083955 
 0.166686081  0.108729050 
 0.181697224  0.111264006 
 0.197288362  0.113603922 
 0.213448444  0.115723564 
 0.230166017  0.117630609 
 0.247429230  0.119324447 
 0.265225849  0.120788310 
 0.283543260  0.121995873 
 0.302368479  0.122922946 
 0.321688164  0.123557669 
 0.341488621  0.123900388 
 0.361755816  0.123958313 
 0.382475385  0.123738268 
 0.403632641  0.123242642 
 0.425212590  0.122469704 
 0.447199935  0.121415147 
 0.469579092  0.120074419 
 0.492334200  0.118445883 
 0.515449130  0.116534311 
 0.538907499  0.114351493 
 0.562692680  0.111913298 
 0.586787814  0.109235460 
 0.611175825  0.106328487 
 0.635839425  0.103191900 
 0.660761134  0.099811906 
 0.685923288  0.096168992 
 0.711308053  0.092249802 
 0.736897436  0.088054208 
 0.762673300  0.083595336 
 0.788617376  0.078891857 
 0.814711276  0.073939175 
 0.840936504  0.068676330 
 0.867274473  0.063030767 
 0.893706514  0.057067045 
 0.920213894  0.051079387 
 0.946777825  0.045427072 
 0.973379479  0.040237305 
 1.000000000  0.035095451 
