B4_100_rR=0.20
# Using npoints = 60
 1.000000000  0.035095451 
 0.983050847  0.033933852 
 0.966101695  0.032541873 
 0.949152542  0.031055963 
 0.932203390  0.029560996 
 0.915254237  0.028101177 
 0.898305085  0.026690953 
 0.881355932  0.025325923 
 0.864406780  0.023993744 
 0.847457627  0.022684541 
 0.830508475  0.021396011 
 0.813559322  0.020131270 
 0.796610169  0.018895233 
 0.779661017  0.017691272 
 0.762711864  0.016520038 
 0.745762712  0.015380461 
 0.728813559  0.014271061 
 0.711864407  0.013191099 
 0.694915254  0.012140918 
 0.677966102  0.011121684 
 0.661016949  0.010135067 
 0.644067797  0.009182977 
 0.627118644  0.008267480 
 0.610169492  0.007390812 
 0.593220339  0.006555407 
 0.576271186  0.005763875 
 0.559322034  0.005018890 
 0.542372881  0.004323041 
 0.525423729  0.003678674 
 0.508474576  0.003087738 
 0.491525424  0.002551636 
 0.474576271  0.002071073 
 0.457627119  0.001645927 
 0.440677966  0.001275417 
 0.423728814  0.000958659 
 0.406779661  0.000695314 
 0.389830508  0.000486225 
 0.372881356  0.000334071 
 0.355932203  0.000244009 
 0.338983051  0.000224323 
 0.322033898  0.000286820 
 0.305084746  0.000445996 
 0.288135593  0.000717258 
 0.271186441  0.001115079 
 0.254237288  0.001651317 
 0.237288136  0.002334515 
 0.220338983  0.003170133 
 0.203389831  0.004160900 
 0.186440678  0.005307914 
 0.169491525  0.006618931 
 0.152542373  0.008123823 
 0.135593220  0.009869922 
 0.118644068  0.011889309 
 0.101694915  0.014205502 
 0.084745763  0.016909308 
 0.067796610  0.020140750 
 0.050847458  0.023884839 
 0.033898305  0.028195028 
 0.016949153  0.034018945 
 0.000000000  0.047787437 
 0.000000000  0.047787437 
 0.016949153  0.062293924 
 0.033898305  0.071366991 
 0.050847458  0.079201153 
 0.067796610  0.085378325 
 0.084745763  0.090558171 
 0.101694915  0.095212499 
 0.118644068  0.099282025 
 0.135593220  0.102845262 
 0.152542373  0.106136202 
 0.169491525  0.109222128 
 0.186440678  0.112008237 
 0.203389831  0.114438693 
 0.220338983  0.116542705 
 0.237288136  0.118362404 
 0.254237288  0.119918174 
 0.271186441  0.121214631 
 0.288135593  0.122251066 
 0.305084746  0.123031094 
 0.322033898  0.123566244 
 0.338983051  0.123873242 
 0.355932203  0.123970349 
 0.372881356  0.123873838 
 0.389830508  0.123596179 
 0.406779661  0.123146462 
 0.423728814  0.122531265 
 0.440677966  0.121755530 
 0.457627119  0.120823429 
 0.474576271  0.119739234 
 0.491525424  0.118508187 
 0.508474576  0.117137189 
 0.525423729  0.115634657 
 0.542372881  0.114009776 
 0.559322034  0.112271692 
 0.576271186  0.110428712 
 0.593220339  0.108487495 
 0.610169492  0.106452245 
 0.627118644  0.104323932 
 0.644067797  0.102100086 
 0.661016949  0.099776059 
 0.677966102  0.097346840 
 0.694915254  0.094808859 
 0.711864407  0.092161161 
 0.728813559  0.089405462 
 0.745762712  0.086545879 
 0.762711864  0.083588501 
 0.779661017  0.080539323 
 0.796610169  0.077399994 
 0.813559322  0.074163135 
 0.830508475  0.070809122 
 0.847457627  0.067313217 
 0.864406780  0.063662947 
 0.881355932  0.059876851 
 0.898305085  0.056018072 
 0.915254237  0.052182600 
 0.932203390  0.048468955 
 0.949152542  0.044946112 
 0.966101695  0.041621429 
 0.983050847  0.038408576 
 1.000000000  0.035095451 
